((("String::ShellQuote" .
   [0 0 0 1 0 0 0 0 0 0 0 0 0 0 0 0 0 0])
  ("use" .
   [1 0 0])
  ("plot_window" .
   [0 0 0 0 0 1 0 0 0 0 0])
  ("tail" .
   [18 0 0 0])
  ("length" .
   [4 0 0 0 0 0])
  ("nan" .
   [2 0 0])
  ("plot_burst" .
   [1 0 0 0 0 0 0 0 0 0])
  ("plot" .
   [1 0 0 0])
  ("window" .
   [1 0 0 0 0 0])
  ("burst" .
   [2 0 0 0 0])
  ("windows" .
   [2 0 0 0 0 0 0])
  ("max_len" .
   [1 0 0 0 0 0 0])
  ("min_len" .
   [1 0 0 0 0 0 0])
  ("maxi" .
   [1 0 0 0])
  ("win_width" .
   [1 0 0 0 0 0 0 0 0])
  ("margin" .
   [1 0 0 0 0 0])
  ("win_slide" .
   [3 0 0 0 0 0 0 0 0])
  ("get_windows" .
   [1 0 0 0 0 0 0 0 0 0 0])
  ("head_diff" .
   [1 0 0 0 0 0 0 0 0])
  ("date" .
   [8 0 0 0])
  ("smoothed" .
   [2 0 0 0 0 0 0 0])
  ("timeseries" .
   [1 0 0 0 0 0 0 0 0 0])
  ("ts" .
   [9 0])
  ("TimeSeries" .
   [1 1 0 0 0 0 0 0 1 0])
  ("n0" .
   [1 0])
  ("l_end" .
   [1 0 0 0 0])
  ("first" .
   [1 0 0 0 0])
  ("wma_width" .
   [0 0 0 1 0 0 0 0 0])
  ("interpolate" .
   [2 0 0 0 0 0 0 0 0 0 0])
  ("normalize" .
   [1 0 0 0 0 0 0 0 0])
  ("time" .
   [2 0 0 0])
  ("__init__" .
   [1 0 0 0 0 0 0 0])
  ("Detector" .
   [0 0 1 0 0 0 0 0])
  ("detector" .
   [0 0 0 0 1 0 0 0])
  ("unpack" .
   [1 0 0 0 0 0])
  ("selfid" .
   [0 0 0 0 1 0])
  ("full_name" .
   [1 0 1 0 1 0 0 0 0])
  ("codecs" .
   [1 0 0 0 0 0])
  ("idx1_new" .
   [1 0 0 0 0 0 0 0])
  ("idx1" .
   [3 0 0 0])
  ("last_idx1" .
   [2 0 0 0 0 0 0 0 0])
  ("last_movi" .
   [4 0 0 0 0 0 0 0 0])
  ("smoothness" .
   [1 0 0 0 0 0 0 0 0 0])
  ("degree" .
   [1 0 0 0 0 0])
  ("plt" .
   [1 0 0])
  ("savefig" .
   [0 0 0 0 1 0 0])
  ("basenames" .
   [1 0 0 0 0 0 0 0 0])
  ("defpath" .
   [0 1 0 0 0 0 0])
  ("basename" .
   [0 0 1 0 0 0 0 0])
  ("listdir" .
   [0 1 0 0 0 1 0])
  ("dup" .
   [1 1 0])
  ("link" .
   [0 0 1 0])
  ("smooth" .
   [4 0 0 0 0 0])
  ("argv" .
   [7 0 0 1])
  ("sys" .
   [7 0 0])
  ("o3" .
   [2 0])
  ("o2" .
   [2 0])
  ("o1" .
   [2 0])
  ("data_ray" .
   [2 0 0 0 0 0 0 0])
  ("yy" .
   [1 0])
  ("zeros" .
   [2 0 0 0 0])
  ("r_" .
   [1 0])
  ("tri" .
   [2 0 0])
  ("is4" .
   [2 0 0])
  ("octa" .
   [3 0 0 0])
  ("hexa" .
   [3 0 0 0])
  ("square_5" .
   [0 0 0 0 1 0 0 0])
  ("flags" .
   [2 0 0 0 0])
  ("re" .
   [1 0])
  ("sp" .
   [1 0])
  ("ABC" .
   [1 0 0])
  ("mm" .
   [3 0])
  ("nn" .
   [2 0])
  ("yakubun" .
   [2 0 0 1 0 0 0])
  ("is_oversized" .
   [0 0 0 1 0 0 0 0 0 0 0 0])
  ("_n" .
   [2 0])
  ("_m" .
   [3 0])
  ("acosh" .
   [0 1 0 0 0])
  ("gamma" .
   [0 1 0 0 0])
  ("if_flag" .
   [1 0 0 0 0 0 0])
  ("is_" .
   [1 0 0])
  ("ppp" .
   [5 0 0])
  ("pentagonals" .
   [0 0 0 0 1 0 0 1 0 0 9])
  ("words" .
   [2 0 0 0 0])
  ("triangles" .
   [1 0 0 0 1 0 0 0 0])
  ("max_count" .
   [2 0 0 0 0 0 0 0 0])
  ("max_num" .
   [3 0 0 0 0 0 0])
  ("max_solutions" .
   [1 0 0 0 0 0 0 0 0 0 0 0 0])
  ("ma" .
   [1 0])
  ("solutions" .
   [1 0 0 0 2 0 0 1 0])
  ("with" .
   [0 0 1 0])
  ("trunk" .
   [5 0 0 0 0])
  ("pg" .
   [3 0])
  ("is_truncatable" .
   [0 0 0 0 0 1 0 1 0 0 0 0 0 0])
  ("is_palindrome_bin" .
   [1 0 0 0 0 0 0 0 0 0 0 0 0 0 0 0 0])
  ("is_palindrome" .
   [1 0 0 1 0 0 0 0 0 0 0 0 3])
  ("is_palindrome_dec" .
   [1 0 0 0 0 0 0 0 0 0 0 0 0 0 1 0 0])
  ("is_palindrome_2_10" .
   [1 0 0 0 0 0 0 0 0 0 0 0 0 0 0 0 0 0])
  ("filter" .
   [0 0 0 0 1 0])
  ("range" .
   [0 0 0 1 0])
  ("facts" .
   [1 0 0 0 0])
  ("digit" .
   [6 0 0 0 0])
  ("lambda" .
   [0 0 0 1 1 0])
  ("reduce" .
   [0 0 0 0 2 0])
  ("denom" .
   [4 0 0 0 0])
  ("lcm" .
   [2 0 0])
  ("return" .
   [0 0 0 4 0 2])
  ("tm" .
   [3 0])
  ("tn" .
   [4 0])
  ("h" .
   [3])
  ("g" .
   [4])
  ("e" .
   [1])
  ("combi" .
   [2 0 0 0 0])
  ("combination" .
   [1 0 0 0 1 0 0 1 0 0 0])
  ("coins" .
   [1 0 0 1 1])
  ("rep" .
   [2 0 0])
  ("k" .
   [2])
  ("iteritems" .
   [1 0 0 0 0 0 0 0 0])
  ("items" .
   [3 0 0 0 0])
  ("serialize" .
   [0 0 0 0 1 0 0 0 0])
  ("m" .
   [29])
  ("pop" .
   [1 0 0])
  ("perm" .
   [7 0 0 0])
  ("copy" .
   [8 0 1 1])
  ("remove" .
   [1 0 0 0 0 0])
  ("permutate" .
   [0 0 0 0 1 1 0 0 1])
  ("elif" .
   [0 0 1 0])
  ("chars" .
   [3 0 0 0 0])
  ("can" .
   [8 0 0])
  ("sort" .
   [1 0 1 1])
  ("amic" .
   [2 0 0 0])
  ("isAmicable" .
   [0 0 0 0 1 0 0 0 0 0])
  ("divisor" .
   [1 0 0 0 1 0 0])
  ("head" .
   [24 0 0 0])
  ("num_days" .
   [3 0 0 0 0 1 0 0])
  ("days" .
   [6 0 0 0])
  ("year" .
   [10 0 1 0])
  ("count_1900" .
   [1 0 0 0 0 0 0 0 0 0])
  ("depth" .
   [7 0 0 0 0])
  ("mro" .
   [0 1 0])
  ("ljust" .
   [0 1 0 0 0])
  ("except" .
   [0 0 0 0 0 1])
  ("s_2d" .
   [1 0 0 0])
  ("s_ten" .
   [1 0 0 0 0])
  ("x" .
   [26])
  ("y" .
   [15])
  ("lattice" .
   [5 0 0 1 0 1 1])
  ("nums" .
   [1 0 0 0])
  ("getDivisors" .
   [1 0 0 0 0 0 0 0 0 0 0])
  ("t" .
   [13])
  ("count" .
   [39 0 0 0 0])
  ("b" .
   [42])
  ("a" .
   [39])
  ("c" .
   [56])
  ("left_prime" .
   [2 0 0 0 0 0 0 0 0 0])
  ("p" .
   [28])
  ("left" .
   [10 0 0 0])
  ("right" .
   [8 0 0 0 0])
  ("primes" .
   [35 0 0 0 3 4])
  ("n" .
   [89])
  ("get" .
   [3 0 0])
  ("email" .
   [5 0 0 0 0])
  ("subject" .
   [0 0 0 1 0 2 0])
  ("POST" .
   [4 0 0 0])
  ("append" .
   [22 2 4 7 4 0])
  ("errors" .
   [3 0 0 1 0 0])
  ("mysite" .
   [1 0 0 1 0 1])
  ("search" .
   [1 0 0 0 0 0])
  ("display_meta" .
   [0 0 0 0 0 1 0 0 1 0 0 0])
  ("s3" .
   [1 0])
  ("s2" .
   [1 0])
  ("request" .
   [1 0 0 4 2 2 2])
  ("html" .
   [1 0 0 0])
  ("object_list" .
   [1 0 0 0 0 0 0 0 0 0 0])
  ("Note" .
   [2 0 0 0])
  ("microblog" .
   [0 0 0 0 0 1 0 0 0])
  ("mimetools" .
   [0 0 1 0 0 0 0 0 0])
  ("root" .
   [1 0 1 0])
  ("register" .
   [0 1 0 0 0 0 0 0])
  ("blank" .
   [2 0 0 0 0])
  ("site" .
   [1 0 0 1])
  ("urlpatterns" .
   [0 0 0 0 0 1 0 0 0 0 0])
  ("autodiscover" .
   [0 0 0 0 0 0 1 0 0 0 0 0])
  ("contrib" .
   [1 0 0 0 0 0 0])
  ("url" .
   [3 0 0])
  ("include" .
   [1 0 0 1 1 0 0])
  ("patterns" .
   [0 0 0 0 1 0 1 0])
  ("urls" .
   [4 0 1 1])
  ("conf" .
   [1 0 0 1])
  ("calcSum" .
   [0 0 0 0 1 0 0])
  ("update" .
   [0 1 0 0 0 0])
  ("woff" .
   [1 0 0 0])
  ("Author" .
   [0 0 0 1 1 0])
  ("admin" .
   [5 0 0 1 1])
  ("ModelAdmin" .
   [0 0 1 0 1 0 0 0 0 0])
  ("AuthorAdmin" .
   [0 0 0 0 0 0 0 1 0 0 0])
  ("class" .
   [0 0 1 0 1])
  ("list_display" .
   [0 0 0 0 0 0 0 0 1 0 0 0])
  ("Book" .
   [1 2 2 2])
  ("BookAdmin" .
   [0 0 0 0 0 1 0 0 0])
  ("django" .
   [5 0 0 1 1 0])
  ("utils" .
   [1 0 0 0 0])
  ("text" .
   [0 0 0 1])
  ("import" .
   [0 0 1 3 0 3])
  ("ugettext_lazy" .
   [0 0 0 0 1 0 0 0 0 0 0 0 0])
  ("AssertionError" .
   [0 1 0 0 0 0 0 0 0 0 0 0 0 0])
  ("models" .
   [1 0 2 1 1 1])
  ("MemoryError" .
   [0 1 0 0 0 0 0 0 0 0 0])
  ("Model" .
   [0 0 0 1 0])
  ("title" .
   [5 0 1 0 0])
  ("CharField" .
   [0 0 0 0 1 0 0 0 0])
  ("ut" .
   [2 0])
  ("body" .
   [1 0 0 0])
  ("TextField" .
   [0 0 1 0 0 0 0 0 0])
  ("self" .
   [59 0 0 0])
  ("views" .
   [2 0 0 1 1])
  ("generic" .
   [1 0 1 0 0 0 0])
  ("ListView" .
   [0 0 1 0 1 0 0 0])
  ("DetailView" .
   [0 0 0 1 0 0 0 0 0 1])
  ("blogs" .
   [0 0 0 1 0])
  ("Article" .
   [1 0 2 0 1 0 1])
  ("model" .
   [1 0 0 0 0])
  ("DATABASES" .
   [0 0 0 0 1 0 0 0 0])
  ("defaults" .
   [0 0 1 0 0 0 0 0])
  ("path" .
   [5 0 0 2])
  ("os" .
   [5 0])
  ("join" .
   [10 0 0 0])
  ("BASE_DIR" .
   [1 0 0 0 0 0 0 0])
  ("ua_display_good2" .
   [0 0 0 0 0 0 0 0 0 0 1 0 0 0 0 0])
  ("META" .
   [1 0 0 0])
  ("v" .
   [5])
  ("search_form" .
   [0 0 1 0 1 0 0 0 0 0 0])
  ("view" .
   [0 0 0 1])
  ("GET" .
   [2 0 0])
  ("HttpResponse" .
   [0 0 0 0 0 1 0 0 0 0 0 0])
  ("message" .
   [2 0 0 0 1 3 0])
  ("q" .
   [15])
  ("render" .
   [2 0 0 0 0 0])
  ("books" .
   [4 1 0 0 0])
  ("error" .
   [7 0 0 0 0])
  ("contact" .
   [1 1 1 0 1 0 1])
  ("core" .
   [1 0 0 0])
  ("mail" .
   [1 0 0 0])
  ("send_mail" .
   [1 0 0 0 0 0 0 0 0])
  ("num" .
   [69 0 0])
  ("l" .
   [57])
  ("i" .
   [332])
  ("lpf" .
   [2 0 0])
  ("ll" .
   [7 0])
  ("print" .
   [0 0 0 1 0])
  ("s" .
   [111])
  ("ans" .
   [44 0 1])
  ("lp" .
   [2 0])
  ("r" .
   [8])
  ("ss" .
   [4 0])
  ("split" .
   [6 0 0 0 0])
  ("pprint" .
   [1 0 2 0 1 1])
  ("pp" .
   [4 0])
  ("src" .
   [20 0 0])
  ("2d2s" .
   [2 0 0 0])
  ("1d2s" .
   [2 0 0 0])
  ("teen" .
   [1 0 0 0])
  ("s_1d" .
   [1 0 0 0])
  ("column" .
   [3 0 0 0 0 0])
  ("last_i" .
   [4 0 0 0 1 0])
  ("ls" .
   [2 0])
  ("tree" .
   [9 0 0 0])
  ("f" .
   [22])
  ("readlines" .
   [6 0 1 1 0 0 0 0 2])
  ("lines" .
   [9 0 0 0 1])
  ("dpm_leap" .
   [1 0 0 0 0 0 0 0])
  ("offset" .
   [2 0 0 0 0 0])
  ("dpm" .
   [2 0 0])
  ("d" .
   [39])
  ("dpm_normal" .
   [1 0 0 0 0 0 0 0 0 0])
  ("days_normal" .
   [0 0 0 0 0 0 2 0 0 0 0])
  ("days_leap" .
   [1 0 0 0 0 0 0 0 0])
  ("is_leap" .
   [2 0 0 0 0 1 0])
  ("countM" .
   [1 0 0 0 0 0])
  ("off" .
   [2 0 0])
  ("dpy" .
   [1 0 0])
  ("acc" .
   [2 0 0])
  ("factorial" .
   [1 1 0 1 0 0 2 1 4])
  ("dn" .
   [2 0])
  ("True" .
   [0 0 0 1])
  ("read" .
   [2 0 0 0])
  ("names" .
   [2 0 0 0 0])
  ("score" .
   [2 0 0 0 0])
  ("name" .
   [4 0 0 0])
  ("isAbundant" .
   [1 0 0 0 0 0 0 0 0 0])
  ("anums" .
   [1 0 0 0 0])
  ("la" .
   [1 0])
  ("lb" .
   [2 0])
  ("nona" .
   [1 0 0 0])
  ("non" .
   [3 0 0])
  ("flag" .
   [2 0 0 0])
  ("False" .
   [1 0 1 1 0])
  ("writable" .
   [0 0 0 0 0 0 1 0])
  ("candate" .
   [1 0 0 0 0 0 0])
  ("candidate" .
   [2 0 0 0 0 0 1 0 0])
  ("abundant" .
   [0 0 0 0 2 0 1 0])
  ("f2" .
   [7 0])
  ("f1" .
   [2 0])
  ("tmp" .
   [8 0 0])
  ("j" .
   [11])
  ("counts" .
   [11 0 0 1 0 0])
  ("index" .
   [12 0 0 0 1])
  ("digits" .
   [5 0 0 0 1 2])
  ("pos" .
   [2 0 0])
  ("width" .
   [3 0 0 1 0])
  ("power" .
   [1 0 0 0 0])
  ("is_power" .
   [0 0 0 0 1 1 0 0])
  ("lim" .
   [4 0 0])
  ("l_coins" .
   [2 0 0 0 0 0 0])
  ("list_coins" .
   [2 0 1 0 0 1 0 0 1 0])
  ("list" .
   [0 0 0 1])
  ("alls" .
   [3 0 0 0])
  ("add" .
   [3 0 0])
  ("maxes" .
   [2 0 0 0 0])
  ("coin" .
   [2 0 0 0])
  ("digit_x" .
   [5 0 0 0 0 0 0])
  ("itertools" .
   [4 0 0 0 0 3 0 0 1])
  ("permutations" .
   [0 0 1 2 0 2 0 0 0 0 0 0])
  ("nines" .
   [4 0 0 0 0])
  ("t2s" .
   [1 0 0])
  ("digit_y" .
   [1 0 0 0 0 0 0])
  ("z" .
   [2])
  ("nomin" .
   [2 0 0 0 0])
  ("nine" .
   [2 0 0 0])
  ("is_prime" .
   [1 0 0 3 0 0 1 0])
  ("get_prime" .
   [0 0 0 0 0 0 1 0 0])
  ("property" .
   [0 0 1 0 0 0 0 0])
  ("circ" .
   [3 0 0 0])
  ("yield" .
   [0 0 1 2 1])
  ("gen_prime" .
   [0 0 0 0 0 0 0 0 1])
  ("n_max" .
   [5 0 0 0 0])
  ("s_max" .
   [4 0 0 0 0])
  ("buf" .
   [9 0 0])
  ("clear" .
   [1 0 0 0 0])
  ("Pan" .
   [10 0 0])
  ("is_pan" .
   [2 0 0 0 0 0])
  ("start" .
   [1 0 0 0 0])
  ("end" .
   [2 0 0])
  ("pans" .
   [1 0 0 0])
  ("base" .
   [1 0 0 0])
  ("wordnum" .
   [1 0 0 0 0 0 0])
  ("w" .
   [18])
  ("combinations" .
   [0 0 0 0 0 0 0 0 0 0 0 4])
  ("coerce" .
   [0 0 0 0 0 1])
  ("candidates" .
   [0 0 0 0 0 1 0 0 0 0])
  ("d_min" .
   [1 1 0 0 0])
  ("sa" .
   [4 0])
  ("wa" .
   [2 0])
  ("numpy" .
   [1 0 1 0 1])
  ("np" .
   [11 0])
  ("mat" .
   [0 0 2])
  ("math" .
   [2 0 0 0])
  ("denominator" .
   [0 0 0 0 3 0 0 0 0 0 0])
  ("numerator" .
   [1 0 0 1 0 0 0 0 0])
  ("reversed" .
   [0 0 0 0 1 0 0 1])
  ("ratio" .
   [9 0 0 0 0])
  ("num_prime" .
   [0 0 0 0 1 1 1 1 0])
  ("num_all" .
   [1 0 0 1 0 0 0])
  ("key" .
   [3 0 0])
  ("codes" .
   [4 0 0 0 0])
  ("len_codes" .
   [0 0 0 0 0 0 1 0 0])
  ("abc" .
   [3 0 0])
  ("find" .
   [2 0 1 0])
  ("readline" .
   [0 0 0 0 0 0 0 1])
  ("squ" .
   [2 0 0])
  ("continue" .
   [0 0 0 1 0 0 0 0])
  ("penta" .
   [2 0 0 0 0])
  ("hepta" .
   [2 0 0 0 0])
  ("h7" .
   [5 0])
  ("h6" .
   [5 0])
  ("o" .
   [4])
  ("data_a" .
   [2 0 0 0 0 0])
  ("data_b" .
   [2 0 0 0 0 0])
  ("X" .
   [2])
  ("mean" .
   [1 0 0 0])
  ("array" .
   [2 0 0 0 0])
  ("array_str" .
   [0 0 0 1 0 0 0 0 0])
  ("linspace" .
   [0 0 0 0 1 0 0 0])
  ("cad_score" .
   [1 0 0 0 0 0 0 0 0])
  ("rate" .
   [16 0 0 0])
  ("dst" .
   [7 0 0])
  ("size" .
   [2 0 0 0])
  ("write" .
   [2 1 0 0 0])
  ("bat2csv" .
   [1 0 3 0 1 0 0])
  ("srcdir" .
   [3 0 0 0 0 0])
  ("seqs" .
   [5 0 0 0])
  ("seq" .
   [1 0 0])
  ("cube" .
   [3 0 0 0])
  ("py" .
   [0 1])
  ("outlier_u" .
   [1 0 0 0 0 0 0 0 0])
  ("outlier_h" .
   [6 0 0 0 0 0 0 0 0])
  ("outlier_l" .
   [7 0 0 0 0 0 0 0 0])
  ("burst_l" .
   [3 0 0 0 0 0 0])
  ("burst_h" .
   [3 0 0 0 0 0 0])
  ("l_or_h" .
   [2 0 0 0 0 0])
  ("lim_d" .
   [1 0 0 0 0])
  ("last" .
   [1 0 0 0])
  ("ff" .
   [3 0])
  ("seek" .
   [2 0 0 0])
  ("match" .
   [1 0 0 0 0])
  ("plot_bursts" .
   [1 0 0 0 0 0 0 0 0 0 0])
  ("bursts" .
   [1 0 0 1 0 0])
  ("break" .
   [0 0 1 0 0])
  ("xlim" .
   [1 0 0 0])
  ("ylim" .
   [1 0 0 0])
  ("median" .
   [1 0 0 0 0 0])
  ("start_edge" .
   [0 0 0 0 0 1 0 0 0 0])
  ("Test" .
   [2 0 0 0])
  ("cperl" .
   [1 0 0 0 0])
  ("require" .
   [1 0 0 0 0 0 0])
  ("set-perl5lib" .
   [0 0 1 0 0 0 0 0 0 0 0 0])))
